camera:
  pitch: 0.01986877338576276
  roll: -1.8895105513360888
  x: -0.8257336748582357
  y: -1.2746980740024754
  yaw: -0.5182289340608773
  z: 0.6706491589709267
franka1:
  x: 0.44
  y: 0.21
  yaw: 3.14159265359
  z: 0.06
franka2:
  x: -0.42
  y: 0.21
  yaw: 0.0
  z: 0.06
shared_zone:
  x: 0.0
  y: 0.0
  z: 0.05
table:
  pitch: 0.0
  roll: 0.0
  size_x: 1.215
  size_y: 0.6
  size_z: 0.04
  x: 0.0
  y: 0.0
  yaw: 0.0
  z: 0.73
