camera:
  pitch: 0.005525196241890962
  roll: -1.8609070112498933
  x: -0.8029322792779784
  y: -1.2742392611674707
  yaw: -0.5038581029269343
  z: 0.6177772992758701
franka1:
  x: 0.44
  y: 0.21
  yaw: 3.14159265359
  z: 0.06
franka2:
  x: -0.42
  y: 0.21
  yaw: 0.0
  z: 0.06
shared_zone:
  x: 0.0
  y: 0.0
  z: 0.05
table:
  pitch: 0.0
  roll: 0.0
  size_x: 1.215
  size_y: 0.6
  size_z: 0.04
  x: 0.0
  y: 0.0
  yaw: 0.0
  z: 0.73
